40.7461276  -84.9424082
40.2521566  -85.6783201
38.6282793  -85.7753886
40.0510064  -86.1304132
40.72556180000001  -85.1638208
41.395982  -87.1658174
41.6011394  -87.3838638
41.4435666  -86.152644
40.5458593  -86.48054189999999
39.665807  -86.559061
39.8131337  -84.9991623
41.398205  -85.41856299999999
41.23181659999999  -85.3242078
38.298365  -85.7681357
40.251284  -86.5920069
39.51196460000001  -86.7911159
39.7929437  -86.2931356
38.3193875  -86.3528504
40.5764436  -86.6647018
40.5462021  -85.5079116
40.473575  -85.9722795
38.514589  -86.00228899999999
39.0312243  -86.7376298
39.8224805  -85.6577423
41.4321074  -84.86233109999999
40.2900924  -85.83534590000001
37.9888227  -87.6158605
41.5177497  -85.76778589999999
38.228591  -86.85648789999999
40.1063712  -87.2271677
40.2199448  -85.7723113
40.0104107  -86.0878736
41.6180157  -87.5235886
39.2926055  -85.7700062
41.3128296  -87.1996494
40.975684  -84.96250700000002
39.8520967  -86.0798184
39.7333845  -86.15212369999999
39.7740683  -86.19138579999999
39.7868616  -86.0853726
39.7982497  -86.13068330000002
41.32  -86.89
41.4658068  -87.4730886
41.3294601  -85.0506417
38.2394083  -85.9888677
41.6011891  -86.7268627
41.2200549  -85.0178239
39.1138334  -86.5453533
41.5982845  -87.3920034
38.7728199  -85.4020839
40.384526  -85.6763689
41.6778243  -86.8624962
40.4987152  -85.6128418
38.7366461  -86.4800423
40.19159  -85.1675489
39.8171446  -86.24371470000001
38.8474324  -87.0621139
38.322028  -86.1441722
41.2141338  -86.78695530000002
40.1260147  -86.90672649999999
41.0348281  -87.4250106
38.1424196  -87.80153829999999
38.4509433  -86.7964178
39.288654  -86.78154699999999
38.5506576  -86.47722399999999
41.6790759  -86.108057
41.5521309  -87.1683276
40.052241  -84.9455942
39.69776969999999  -87.3221118
39.6906434  -86.10781829999999
40.29861229999999  -87.38645269999999
40.0059557  -85.5245303
40.6473144  -84.9602961
39.3084449  -85.57889999999999
38.6348312  -87.4205388
39.6444898  -86.8647316
39.0510358  -85.2483537
37.9034486  -87.106274
39.75457  -86.8781882
38.7102179  -85.471719
39.80084  -86.252904
38.7412863  -85.0799978
40.43532769999999  -86.0547709
37.9544498  -86.76347690000001
40.2725473  -86.03957539999999
39.6117983  -85.8734102
39.6345265  -84.92126069999999
39.9548397  -86.2126732
40.806979  -85.82508899999999
40.1685329  -85.2634822
40.057381  -86.61975100000001
41.617463  -85.538989
41.4792721  -87.17921369999999
41.6810164  -87.4937826
41.082914  -85.6352871
41.04594700000001  -86.59630399999999
40.18138769999999  -84.9747648
41.1235004  -84.91912719999999
