37.9888227,-87.6158605, 38.228591,-86.8564879, 38.1424196,-87.8015383, 38.6348312,-87.4205388, 37.9034486,-87.106274, 37.9544498,-86.7634769
41.4435666,-86.152644, 41.32,-86.89, 41.6011891,-86.7268627, 41.6778243,-86.8624962, 41.2141338,-86.7869553, 41.6790759,-86.108057, 41.045947,-86.596304
40.7461276,-84.9424082, 40.7255618,-85.1638208, 40.975684,-84.962507, 40.6473144,-84.9602961, 41.1235004,-84.9191272
41.395982,-87.1658174, 41.6011394,-87.3838638, 41.6180157,-87.5235886, 41.3128296,-87.1996494, 41.4658068,-87.4730886, 41.5982845,-87.3920034, 41.0348281,-87.4250106, 41.5521309,-87.1683276, 41.4792721,-87.1792137, 41.6810164,-87.4937826
38.7728199,-85.4020839, 39.0510358,-85.2483537, 38.7102179,-85.471719, 38.7412863,-85.0799978
39.665807,-86.559061, 39.5119646,-86.7911159, 39.0312243,-86.7376298, 39.1138334,-86.5453533, 39.288654,-86.781547, 39.6977697,-87.3221118, 39.6444898,-86.8647316, 39.75457,-86.8781882
38.6282793,-85.7753886, 38.298365,-85.7681357, 38.514589,-86.002289, 38.2394083,-85.9888677, 38.322028,-86.1441722
39.8224805,-85.6577423, 40.0059557,-85.5245303
39.8131337,-84.9991623, 39.6345265,-84.9212607
38.3193875,-86.3528504, 38.7366461,-86.4800423, 38.8474324,-87.0621139, 38.4509433,-86.7964178, 38.5506576,-86.477224
40.2521566,-85.6783201, 40.5462021,-85.5079116, 40.473575,-85.9722795, 40.2900924,-85.8353459, 40.2199448,-85.7723113, 40.384526,-85.6763689, 40.4987152,-85.6128418, 40.4353277,-86.0547709, 40.2725473,-86.0395754, 40.806979,-85.825089
41.398205,-85.418563, 41.2318166,-85.3242078, 41.4321074,-84.8623311, 41.5177497,-85.7677859, 41.3294601,-85.0506417, 41.2200549,-85.0178239, 41.617463,-85.538989, 41.082914,-85.6352871
40.5458593,-86.4805419, 40.251284,-86.5920069, 40.5764436,-86.6647018, 40.1063712,-87.2271677, 40.1260147,-86.9067265, 40.2986123,-87.3864527, 40.057381,-86.619751
39.2926055,-85.7700062, 39.3084449,-85.5789, 39.6117983,-85.8734102
40.19159,-85.1675489, 40.052241,-84.9455942, 40.1685329,-85.2634822, 40.1813877,-84.9747648
40.0510064,-86.1304132, 39.7929437,-86.2931356, 40.0104107,-86.0878736, 39.8520967,-86.0798184, 39.7333845,-86.1521237, 39.7740683,-86.1913858, 39.7868616,-86.0853726, 39.7982497,-86.1306833, 39.8171446,-86.2437147, 39.6906434,-86.1078183, 39.80084,-86.252904, 39.9548397,-86.2126732
